0
0
1
1
1
1
1
1
1
1
1
1
1
1
1
1
1
1
1
1
0
1
1
1
1
1
1
1
1
1
1
1
1
1
1
1
1
1
1
1
0
0
1
1
1
1
1
1
1
1
1
1
1
1
1
1
1
1
1
0
0
0
1
1
1
1
1
1
1
0
0
0
1
1
1
1
1
1
0
0
0
0
1
1
1
1
1
1
1
0
0
0
1
1
1
1
1
1
0
0
0
1
1
1
1
1
1
1
1
0
0
0
1
1
1
1
1
1
0
0
0
0
0
0
0
0
0
0
0
0
0
0
0
0
0
0
0
0
0
0
0
0
9
12
12
12
12
12
12
12
12
12
12
12
12
12
12
12
10
0
0
0
15
1
1
1
1
1
1
1
1
1
1
1
1
1
1
1
13
0
0
0
8
14
14
14
14
14
14
14
14
14
14
14
14
14
14
14
11
0
0
4
2
2
2
2
2
2
2
2
2
2
2
2
2
2
2
2
2
2
0
3
9
1
1
1
1
1
1
1
1
1
1
1
1
1
1
1
1
0
0
3
1
1
1
1
1
1
1
1
1
1
1
1
1
1
1
1
1
0
0
3
1
1
1
1
1
1
1
18
14
19
1
1
1
1
1
1
1
0
0
3
0
1
1
1
1
1
1
13
0
15
1
1
1
1
1
1
1
0
0
3
0
0
1
1
1
1
1
17
12
16
1
1
18
14
14
14
14
0
0
3
0
0
1
1
1
1
1
1
1
1
1
1
13
0
0
0
0
0
0
7
2
5
1
1
1
1
1
1
1
1
1
1
13
0
0
0
0
0
0
0
0
3
0
1
1
1
1
1
1
1
1
1
13
0
0
0
0
0
2
2
2
6
0
0
8
1
1
1
1
1
1
1
13
0
0
0
0
0
